17
 0 1 0 0 0 1 0 0 0 0 0 0 0 0 0 0 0
 1 0 1 0 1 0 0 0 0 0 0 0 0 0 0 0 0
 0 1 0 1 1 0 0 0 0 0 0 0 0 0 0 0 0
 0 0 1 0 1 0 1 0 0 0 0 0 0 0 0 0 0
 0 1 1 1 0 1 1 0 0 0 0 0 0 0 0 0 0
 1 0 0 0 1 0 0 1 0 1 0 0 0 0 0 0 0
 0 0 0 1 1 0 0 0 0 0 1 1 0 0 0 0 0
 0 0 0 0 0 1 0 0 1 0 0 0 0 0 0 0 0
 0 0 0 0 0 0 0 1 0 1 0 0 0 0 0 0 0
 0 0 0 0 0 1 0 0 1 0 1 0 0 0 0 0 0
 0 0 0 0 0 0 1 0 0 1 0 1 1 0 0 0 0
 0 0 0 0 0 0 1 0 0 0 1 0 0 0 1 0 1
 0 0 0 0 0 0 0 0 0 0 1 0 0 1 0 0 0
 0 0 0 0 0 0 0 0 0 0 0 0 1 0 1 0 0
 0 0 0 0 0 0 0 0 0 0 0 1 0 1 0 1 0
 0 0 0 0 0 0 0 0 0 0 0 0 0 0 1 0 1
 0 0 0 0 0 0 0 0 0 0 0 1 0 0 0 1 0
 0 0 0 0 0 0 0 0 0 0 0 0 0 0 0 0 0 0 0 0 -1 0 0 0 -1
 0 0 0 0 0 0 0 0 0 0 0 0 0 0 0 0 0 0 0 0 0 0 0 -1 1
 0 0 0 0 0 0 0 0 0 0 0 0 0 0 0 0 0 0 0 -1 0 0 -1 1 0
 0 0 0 0 0 0 0 0 0 0 0 0 0 0 0 0 0 0 0 0 0 -1 1 0 0
 0 0 0 0 0 0 0 0 0 0 0 0 0 0 0 0 0 0 -1 0 0 1 0 0 0
 0 0 0 0 0 0 0 0 0 0 0 0 0 -1 0 0 0 -1 0 1 1 0 0 0 0
 0 0 0 0 0 0 0 0 0 0 0 0 -1 0 0 0 -1 1 1 0 0 0 0 0 0
 0 0 0 0 0 0 0 0 0 0 0 -1 0 0 0 -1 1 0 0 0 0 0 0 0 0
 0 0 0 0 0 0 0 0 0 0 0 0 0 0 -1 1 0 0 0 0 0 0 0 0 0
 0 0 0 0 0 0 0 0 0 0 -1 0 0 0 1 0 0 0 0 0 0 0 0 0 0
 0 0 0 0 0 0 0 -1 0 -1 0 0 1 1 0 0 0 0 0 0 0 0 0 0 0
 0 -1 0 0 0 0 0 0 -1 0 1 1 0 0 0 0 0 0 0 0 0 0 0 0 0
 0 0 0 -1 0 -1 -1 0 1 1 0 0 0 0 0 0 0 0 0 0 0 0 0 0 0
 0 0 0 0 -1 0 1 1 0 0 0 0 0 0 0 0 0 0 0 0 0 0 0 0 0
 0 0 -1 0 1 1 0 0 0 0 0 0 0 0 0 0 0 0 0 0 0 0 0 0 0
 -1 0 1 1 0 0 0 0 0 0 0 0 0 0 0 0 0 0 0 0 0 0 0 0 0
 1 1 0 0 0 0 0 0 0 0 0 0 0 0 0 0 0 0 0 0 0 0 0 0 0
343 7
451 37
495 82
445 135
388 96
217 46
322 197
58 16
8 56
113 115
225 239
247 288
115 257
63 310
192 394
282 389
297 319
